443090  0   0   0   0   0   0   0   Assente
523594  6   6   4.5 16.5    9.75    0   26.25   26
548611  0   0   0   0   0   0   0   Assente
524747  20  0   0   20  2.5 0   22.5    Ritirato
547388  6   6   4   16  1   0   17  Ritirato
583501  6   6   3   15  8   0   23  23
548019  0   0   0   0   0   0   0   Assente
BH0000  0   0   0   0   0   0   0   Assente
477940  0   0   0   0   0   0   0   Assente
546583  3   6   7.5 16.5    4.25    0   20.75   Ritirato
524793  17  0   0   17  5   0   22  Ritirato
547888  0   0   0   0   0   0   0   Assente
546452  4   6   0   10  1   0   11  Ritirato
550816  0   0   0   0   0   0   0   Assente
514397  0   0   0   0   0   0   0   Assente
546672  13.5    0   0   13.5    5.25    0   18.75   Ritirato
511008  0   0   0   0   0   0   0   Assente
546759  6   6   7.5 19.5    8   0   27.5    28
546547  15  0   0   15  6   0   21  21
521884  0   0   0   0   0   0   0   Assente
502894  0   0   0   0   0   0   0   Assente
478010  0   0   0   0   0   0   0   Assente
552714  0   0   0   0   0   0   0   Assente
520250  6   6   4.5 16.5    9   0   25.5    26
546437  6   6   5   17  0   0   17  Ritirato
499629  0   0   0   0   0   0   0   Assente
585986  0   0   0   0   0   0   0   Assente
540730  0   0   0   0   0   0   0   Assente
515227  0   0   0   0   0   0   0   Assente
535396  4   6   7.5 17.5    1   0   18.5    Ritirato
546425  20  0   0   20  7.75    0   27.75   28
521609  5   6   8   19  8.5 0   27.5    28
511795  0   0   0   0   0   0   0   Assente
547920  6   6   4.5 16.5    8.5 0   25  25
548015  6   6   4.5 16.5    6   0   22.5    23
575984  20  0   0   20  6   0   26  26
548665  0   0   0   0   0   0   0   Assente
546967  0   0   0   0   0   0   0   Assente
549672  0   0   0   0   0   0   0   Assente
546388  0   0   0   0   0   0   0   Assente
547193  0   0   0   0   0   0   0   Assente
552689  0   0   0   0   0   0   0   Assente
534953  0   0   0   0   0   0   0   Assente
549484  6   5   4.5 15.5    8   0   23.5    24
549584  6   6   9   21  9.5 0   30.5    31
548285  6   6   8.5 20.5    4.75    0   25.25   Ritirato
519922  0   0   0   0   0   0   0   Assente
546553  0   0   0   0   0   0   0   Assente
538593  12.5    0   0   12.5    5.25    0   17.75   Ritirato
550562  18  0   0   18  3   0   21  Ritirato
550208  3.5 5   6   14.5    6.25    0   20.75   21
546942  5   6   7   18  9.25    0   27.25   27
499626  0   0   0   0   0   0   0   Assente
509626  0   0   0   0   0   0   0   Assente
548043  3   5.5 5.5 14  7   0   21  21
499623  0   0   0   0   0   0   0   Assente
547034  0   0   0   0   0   0   0   Assente
533954  13  0   0   13  3   0   16  Ritirato
546474  5   4   7   16  1   0   17  Ritirato
524783  0   0   0   0   0   0   0   Assente
567718  6   6   8.75    20.75   9.75    0   30.5    31
552378  5.75    5.75    6   17.5    1   0   18.5    Ritirato
546938  6   5.75    8.5 20.25   10.5    0   30.75   31
519900  0   0   0   0   0   0   0   Assente
548183  0   0   0   0   0   0   0   Assente
519727  0   0   0   0   0   0   0   Assente
534973  0   0   0   0   0   0   0   Assente
536969  0   0   0   0   0   0   0   Assente
489147  0   0   0   0   0   0   0   Assente
504902  13.5    0   0   13.5    4.5 0   18  Ritirato
