501311  6   5.5 3   14.5    2.5 0   0   Insuff.
546437  17  0   0   17  6   0   0   23
535717  5.75    6   8   19.75   9.25    0   0   29
547388  16  0   0   16  9   0   0   25
540730  0   0   0   0   0   0   0   Assente
546672  13.5    0   0   13.5    4.5 0   0   Insuff.
547888  0   0   0   0   0   0   0   Assente
489831  0   0   0   0   0   0   0   Assente
534953  0   0   0   0   0   0   0   Assente
524793  17  0   0   17  5   0   0   Insuff.
521884  0   0   0   0   0   0   0   Assente
552714  4   3   4.5 11.5    6.25    0   0   18
546452  0   0   0   0   0   0   0   Assente
550816  4   5   8.5 17.5    7.5 0   0   25
550562  18  0   0   18  7   0   0   25
524783  0   0   0   0   0   0   0   Assente
533945  0   0   0   0   0   0   0   Assente
478010  0   0   0   0   0   0   0   Assente
585986  0   0   0   0   0   0   0   Assente
535396  17.5    0   0   17.5    9.5 0   0   27
546436  18.75   0   0   18.75   9.25    0   0   28
546474  16  0   0   16  9   0   0   25
548285  20.5    0   0   20.5    9   0   0   30
504902  13.5    0   0   13.5    9.75    0   0   23
546583  16.5    0   0   16.5    9.75    0   0   26
515227  0   0   0   0   0   0   0   Assente
499623  0   0   0   0   0   0   0   Assente
547564  3   3   7.75    13.75   7.5 0   0   21
552378  17.5    0   0   17.5    7.5 0   0   25
538593  12.5    0   0   12.5    6.25    0   0   19
499619  3   0.5 8.25    11.75   4   0   0   Insuff.
548019  5.75    5   6.75    17.5    9.5 0   0   27
499629  0   0   0   0   0   0   0   Assente
541450  6   6   9   21  10  0   0   31
524747  0   0   0   0   0   0   0   Assente
519727  4   5   7   16  4   0   0   Insuff.
546572  6   6   8.75    20.75   9.75    0   0   31
